[result]
best_epoch=100
best_validation=0.04098000000000001
complete=1
cost_multiply_add=200
epoch=100
max_epoch=100
schedule=0
training=0.043372
validation=0.04098000000000001
[statistics]
Output=204
CostParameter=305
CostAdd=102
CostMultiply=1
CostMultiplyAdd=200
CostDivision=0
CostExp=0
CostIf=100
